#include <iostream>;
using namespace std;

int main() {
	setlocale(0, "");
	int menu;
	while (true) {
		system("cls");
		cout << "| + |Программа 'Лаберинт'\n\n";
		cout << "| + | Размер карты: \n";
		cout << "|1| 15 x 15\n";
		cout << "|2| 20 x 20\n";
		cout << "|3| 30 x 30\n\n";
		cout << "Выберите размер: ";
		cin >> menu;
		switch (menu) {
		case 1: {
			int labyrinth1[15][15] = {
				//0  1  2  3  4  5  6  7  8  9  10 11 12 13 14
				 {0, 0, 1, 0, 0, 0, 0, 0, 1, 0, 0, 0, 0, 0, 0},//0 
				 {0, 0, 1, 0, 0, 0, 0, 0, 1, 0, 0, 0, 0, 0, 0},//1
				 {0, 0, 1, 0, 0, 0, 1, 1, 1, 1, 1, 0, 0, 0, 0},//2
				 {0, 0, 1, 0, 0, 0, 1, 0, 0, 0, 1, 0, 0, 0, 0},//3
				 {0, 0, 1, 1, 1, 1, 1, 1, 0, 0, 1, 0, 0, 0, 0},//4
				 {0, 0, 0, 0, 0, 0, 0, 1, 0, 0, 1, 1, 1, 0, 0},//5
				 {0, 0, 0, 0, 0, 0, 0, 1, 0, 0, 0, 0, 1, 0, 0},//6
				 {0, 0, 0, 1, 1, 1, 1, 1, 0, 0, 0, 0, 1, 0, 0},//7
				 {0, 0, 0, 1, 0, 0, 0, 1, 1, 1, 1, 0, 1, 1, 0},//8
				 {0, 0, 1, 1, 0, 0, 0, 0, 0, 0, 1, 0, 0, 1, 0},//9
				 {0, 0, 1, 0, 0, 0, 0, 0, 0, 0, 1, 0, 0, 1, 0},//10
				 {1, 1, 1, 0, 0, 0, 1, 1, 1, 1, 1, 0, 1, 1, 0},//11
				 {0, 0, 0, 1, 1, 1, 1, 0, 0, 1, 0, 0, 1, 0, 0},//12
				 {0, 0, 0, 1, 0, 0, 1, 0, 0, 1, 1, 1, 1, 0, 0},//13
				 {0, 0, 0, 0, 0, 0, 1, 0, 0, 0, 0, 1, 0, 0, 0}//14
			};
			for (int y = 0; y < 15; y++) {
				for (int x = 0; x < 15; x++) {
					if (labyrinth1[y][x] == 0) {
						cout << "\x1b[96m# \x1b[0m";
					}
					else if (labyrinth1[y][x] == 1) {
						cout << "\x1b[90m. \x1b[0m";
					}
				}
				cout << endl;
			}
			system("pause");
			break;
		}
		case 2: {
			int labyrinth2[20][20] = {
				//0  1  2  3  4  5  6  7  8  9  10 11 12 13 14 15 16 17 18 19
				 {0, 0, 1, 0, 0, 0, 0, 0, 1, 0, 0, 0, 0, 0, 0, 1, 0, 0, 0, 0},//0 
				 {0, 0, 1, 0, 0, 0, 0, 0, 1, 0, 0, 0, 0, 0, 0, 1, 0, 0, 0, 0},//1
				 {0, 0, 1, 0, 0, 0, 1, 1, 1, 1, 1, 0, 0, 1, 1, 1, 1, 0, 0, 0},//2
				 {0, 0, 1, 0, 0, 0, 1, 0, 0, 0, 1, 0, 0, 1, 0, 0, 1, 0, 0, 0},//3
				 {0, 0, 1, 1, 1, 1, 1, 1, 0, 0, 1, 0, 0, 1, 0, 1, 1, 0, 0, 0},//4
				 {0, 0, 0, 0, 0, 0, 0, 1, 0, 0, 1, 1, 1, 1, 0, 1, 0, 0, 0, 0},//5
				 {0, 0, 0, 0, 0, 0, 0, 1, 0, 0, 0, 0, 1, 0, 0, 1, 0, 0, 0, 0},//6
				 {0, 0, 0, 1, 1, 1, 1, 1, 0, 0, 0, 0, 1, 0, 0, 1, 0, 0, 0, 0},//7
				 {0, 0, 0, 1, 0, 0, 0, 1, 1, 1, 1, 0, 1, 1, 0, 0, 0, 0, 0, 0},//8
				 {0, 0, 1, 1, 0, 0, 0, 0, 0, 0, 1, 0, 0, 1, 0, 0, 0, 0, 0, 0},//9
				 {0, 0, 1, 0, 0, 0, 0, 0, 0, 0, 1, 0, 0, 1, 1, 1, 1, 0, 0, 0},//10
				 {1, 1, 1, 0, 0, 0, 1, 1, 1, 1, 1, 0, 1, 1, 0, 0, 1, 1, 0, 0},//11
				 {0, 0, 0, 1, 1, 1, 1, 0, 0, 1, 0, 0, 1, 0, 0, 0, 0, 1, 0, 0},//12
				 {0, 0, 0, 1, 0, 0, 1, 0, 0, 1, 1, 1, 1, 0, 0, 0, 0, 1, 0, 0},//13
				 {0, 0, 0, 1, 0, 0, 1, 0, 0, 1, 0, 0, 1, 0, 0, 0, 0, 1, 0, 0},//14
				 {0, 0, 0, 1, 0, 0, 0, 0, 0, 1, 0, 0, 1, 0, 0, 1, 1, 1, 0, 0},//15
				 {0, 0, 1, 1, 0, 0, 0, 0, 0, 1, 0, 0, 1, 0, 0, 1, 0, 0, 0, 0},//16
				 {0, 0, 1, 0, 0, 0, 0, 0, 1, 1, 0, 0, 1, 0, 0, 1, 1, 1, 1, 0},//17
				 {0, 0, 1, 1, 1, 1, 0, 0, 0, 0, 0, 0, 1, 0, 0, 0, 0, 0, 0, 0},//18
				 {0, 0, 0, 0, 0, 1, 0, 0, 0, 0, 0, 0, 1, 0, 0, 0, 0, 0, 0, 0},//19
			};
			for (int y = 0; y < 20; y++) {
				for (int x = 0; x < 20; x++) {
					if (labyrinth2[y][x] == 0) {
						cout << "\x1b[96m# \x1b[0m";
					}
					else if (labyrinth2[y][x] == 1) {
						cout << "\x1b[90m. \x1b[0m";
					}
				}
				cout << endl;
			}
			system("pause");
			break;
		}
		case 3: {
			int labyrinth3[30][30] = {
				//0  1  2  3  4  5  6  7  8  9  10 11 12 13 14 15 16 17 18 19 20 21 22 23 24 25 26 27 28 29
				 {0, 0, 1, 0, 0, 0, 0, 0, 1, 0, 0, 0, 0, 0, 0, 1, 0, 0, 0, 0, 0, 0, 1, 0, 0, 0, 0, 0, 0, 0},//0 
				 {0, 0, 1, 0, 0, 0, 0, 0, 1, 0, 0, 0, 0, 0, 0, 1, 0, 0, 0, 0, 1, 1, 1, 0, 0, 0, 0, 0, 0, 0},//1
				 {0, 0, 1, 0, 0, 0, 1, 1, 1, 1, 1, 0, 0, 1, 1, 1, 1, 0, 0, 0, 1, 0, 0, 0, 0, 1, 1, 1, 1, 0},//2
				 {0, 0, 1, 0, 0, 0, 1, 0, 0, 0, 1, 0, 0, 1, 0, 0, 1, 0, 0, 0, 1, 0, 0, 0, 0, 1, 0, 0, 1, 0},//3
				 {0, 0, 1, 1, 1, 1, 1, 1, 0, 0, 1, 0, 0, 1, 0, 1, 1, 0, 0, 0, 1, 1, 1, 1, 1, 1, 0, 0, 1, 0},//4
				 {0, 0, 0, 0, 0, 0, 0, 1, 0, 0, 1, 1, 1, 1, 0, 1, 0, 0, 0, 0, 0, 0, 0, 0, 0, 1, 0, 0, 1, 0},//5
				 {0, 0, 0, 0, 0, 0, 0, 1, 0, 0, 0, 0, 1, 0, 0, 1, 0, 0, 0, 0, 0, 0, 0, 0, 0, 1, 0, 0, 1, 0},//6
				 {0, 0, 0, 1, 1, 1, 1, 1, 0, 0, 0, 0, 1, 0, 0, 1, 1, 1, 1, 0, 0, 0, 1, 1, 1, 1, 0, 0, 1, 0},//7
				 {0, 0, 0, 1, 0, 0, 0, 1, 1, 1, 1, 0, 1, 1, 0, 0, 0, 0, 0, 0, 0, 0, 1, 0, 0, 0, 0, 0, 1, 0},//8
				 {0, 0, 1, 1, 0, 0, 0, 0, 0, 0, 1, 0, 0, 1, 0, 0, 0, 0, 0, 0, 0, 0, 1, 0, 0, 0, 1, 1, 1, 0},//9
				 {0, 0, 1, 0, 0, 0, 0, 0, 0, 0, 1, 0, 0, 1, 1, 1, 1, 0, 0, 0, 1, 1, 1, 0, 0, 0, 0, 0, 1, 0},//10
				 {1, 1, 1, 0, 0, 0, 1, 1, 1, 1, 1, 0, 1, 1, 0, 0, 1, 1, 1, 1, 1, 0, 1, 0, 0, 0, 0, 0, 1, 0},//11
				 {0, 0, 0, 1, 1, 1, 1, 0, 0, 1, 0, 0, 1, 0, 0, 0, 0, 1, 0, 0, 0, 0, 1, 1, 0, 0, 0, 0, 1, 1},//12
				 {0, 0, 0, 1, 0, 0, 1, 0, 0, 1, 1, 1, 1, 0, 0, 0, 0, 1, 0, 0, 0, 0, 0, 1, 1, 1, 0, 0, 0, 0},//13
				 {0, 0, 0, 1, 0, 0, 1, 0, 0, 1, 0, 0, 1, 0, 0, 0, 0, 1, 0, 0, 0, 0, 0, 0, 0, 1, 0, 0, 0, 0},//14
				 {0, 0, 0, 1, 0, 0, 0, 0, 0, 1, 0, 0, 1, 0, 0, 1, 1, 1, 0, 1, 1, 0, 1, 1, 1, 1, 0, 0, 0, 0},//15
				 {0, 0, 1, 1, 0, 0, 0, 0, 0, 1, 0, 0, 1, 0, 0, 1, 0, 0, 0, 1, 0, 0, 1, 0, 0, 0, 0, 0, 0, 0},//16
				 {0, 0, 1, 0, 0, 0, 0, 0, 1, 1, 0, 0, 1, 0, 0, 1, 1, 1, 1, 1, 0, 0, 1, 0, 0, 0, 0, 0, 0, 0},//17
				 {0, 0, 1, 1, 1, 1, 0, 0, 0, 0, 0, 0, 1, 0, 0, 0, 0, 0, 0, 0, 0, 0, 1, 0, 0, 0, 0, 0, 0, 0},//18
				 {0, 0, 0, 0, 0, 1, 0, 0, 0, 0, 0, 1, 1, 0, 0, 0, 0, 0, 0, 0, 0, 0, 1, 0, 0, 0, 0, 1, 1, 1},//19
				 {0, 0, 1, 0, 0, 1, 0, 0, 1, 1, 1, 1, 0, 0, 0, 1, 1, 1, 1, 1, 1, 1, 1, 0, 0, 0, 0, 1, 0, 0},//20 
				 {0, 0, 1, 0, 0, 1, 0, 0, 1, 0, 0, 0, 0, 0, 0, 1, 0, 0, 0, 1, 0, 0, 0, 0, 0, 0, 0, 1, 0, 0},//21 
			     {0, 0, 1, 1, 1, 1, 0, 0, 1, 0, 0, 0, 0, 0, 0, 1, 0, 0, 0, 1, 0, 0, 0, 0, 1, 1, 1, 1, 0, 0},//22
				 {0, 0, 1, 0, 0, 0, 0, 0, 1, 0, 1, 1, 1, 1, 0, 1, 0, 0, 0, 1, 0, 0, 0, 0, 1, 0, 0, 0, 0, 0},//23
				 {0, 0, 1, 1, 1, 1, 1, 1, 1, 0, 1, 0, 0, 1, 0, 1, 0, 0, 0, 1, 0, 1, 1, 1, 1, 1, 0, 0, 0, 0},//24
				 {0, 0, 0, 0, 0, 0, 0, 0, 1, 0, 1, 0, 0, 1, 0, 1, 0, 0, 0, 1, 0, 1, 0, 0, 0, 1, 0, 0, 0, 0},//25
				 {0, 0, 0, 0, 0, 0, 1, 0, 1, 0, 1, 0, 0, 1, 1, 1, 0, 0, 0, 1, 1, 1, 0, 0, 0, 1, 0, 0, 0, 0},//26
				 {0, 0, 1, 1, 1, 1, 1, 0, 1, 0, 0, 0, 0, 0, 0, 1, 0, 0, 0, 0, 0, 0, 0, 0, 0, 1, 0, 0, 1, 1},//27
				 {0, 0, 1, 0, 0, 0, 0, 0, 1, 0, 0, 0, 0, 0, 0, 1, 0, 0, 0, 0, 0, 1, 1, 1, 1, 1, 0, 0, 0, 0},//28
				 {0, 0, 1, 0, 0, 0, 0, 0, 1, 0, 0, 0, 0, 0, 0, 1, 0, 0, 0, 0, 0, 0, 0, 0, 0, 0, 0, 0, 0, 0},//29
			};
			for (int y = 0; y < 30; y++) {
				for (int x = 0; x < 30; x++) {
					if (labyrinth3[y][x] == 0) {
						cout << "\x1b[96m# \x1b[0m";
					}
					else if (labyrinth3[y][x] == 1) {
						cout << "\x1b[90m. \x1b[0m";
					}
				}
				cout << endl;
			}
			system("pause");
			break;
		}
		}
	}
}
